Background

  EXT PARAMETER                                INTERNAL      INTERNAL  
  NO.   NAME      VALUE            ERROR       STEP SIZE       VALUE   
   1  #alpha      -1.90136e+00   3.06922e-02   3.33502e-05  -6.86439e-01
   2  #alpha2     -1.91289e+00   3.76690e-02   4.21341e-05  -6.91416e-01
   4  m_shift     -1.35056e-03   2.21313e-03   2.16343e-04  -1.35060e-02
   5  n            1.60392e+00   6.36602e-02   2.12627e-07   1.60392e-03
   6  n2           1.32825e+00   6.65492e-02   2.23664e-07   1.32826e-03
   8  width_ratio   9.99312e-01   3.18888e-02   2.92007e-04  -6.44189e-01


 PARAMETER  CORRELATION COEFFICIENTS  
       NO.    1     	2        4      5       7      	8
        1     1.000  	0.003	-0.349	0.792	0.001   0.396
        2     0.003  	1.000   0.499  	0.001  	0.771  	-0.534
        4    -0.349  	0.499   1.000 	-0.075  0.069   -0.956
        5     0.792  	0.001   -0.075  1.000  	0.000   0.118
        6     0.001  	0.771   0.069  	0.000  	1.000  	-0.115
        8     0.396 	-0.534  -0.956  0.118 	-0.115  1.000






Signal

  EXT PARAMETER                                INTERNAL      INTERNAL  
  NO.   NAME      VALUE            ERROR       STEP SIZE       VALUE   
   1  #alpha       8.05151e-01   1.44339e-02   9.77882e-05  -9.15935e-01
   2  #alpha2      7.81323e-01   2.62999e-02   1.79427e-04  -9.70029e-01
   3  f            9.79888e-01   3.04078e-03   1.68920e-04   9.25433e-01
   4  f2           9.74619e-01   5.09978e-03   2.84269e-04   8.42322e-01
   6  m_{shift(CB2,CB1)}   7.32364e-04   2.78599e-04   2.86960e-04   1.47002e-01
   7  m_{shift(Gaus1,CB1)}   1.87724e-02   8.63854e-03   4.08191e-04   2.82338e+00
   8  m_{shift(Gaus2,CB1)}   2.23987e-02   1.10500e-02   6.12174e-04   3.82575e-01
   9  n            4.92282e+00   2.02021e-01   1.25464e-05  -1.43036e+00
  10  n2           3.77397e+00   2.32078e-01   1.55331e-05  -1.44785e+00
  12  s_{ratio(CB2,CB1)}   9.75436e-01   1.47710e-02   7.08568e-05  -6.68299e-01
  13  s_{ratio(Gaus1,CB1)}   3.79118e+00   2.28241e-01   6.24739e-04   4.81093e-01
  14  s_{ratio(Gaus2,CB1)}   3.64724e+00   3.01747e-01   8.73108e-04   4.10180e-01
 

 PARAMETER  CORRELATION COEFFICIENTS  
       NO.  GLOBAL      1      2      3      4         6      7      8      9     10         12     13     14
        1  0.95772   1.000  0.001 -0.170 -0.000		 0.334  0.230  0.008 -0.829 -0.000		-0.288  0.203 -0.052
        2  0.96333   0.001  1.000  0.000 -0.134  	-0.665 -0.000 -0.224 -0.000 -0.866    	 0.597 -0.000  0.284
        3  0.95045  -0.170  0.000  1.000 -0.000   	 0.012 -0.931  0.000  0.009 -0.000   	-0.102 -0.686 -0.019
        4  0.93874  -0.000 -0.134 -0.000  1.000   	-0.041  0.000  0.917  0.000  0.098   	 0.217  0.000 -0.609
        6  0.88104   0.334 -0.665  0.012 -0.041   	 1.000  0.003  0.019 -0.221  0.465   	-0.756 -0.004 -0.109
        7  0.96856   0.230 -0.000 -0.931  0.000   	 0.003  1.000  0.000 -0.012  0.000   	 0.054  0.827  0.010
        8  0.95852   0.008 -0.224  0.000  0.917   	 0.019  0.000  1.000 -0.005  0.132    	 0.095 -0.000 -0.776
        9  0.91459  -0.829 -0.000  0.009  0.000   	-0.221 -0.012 -0.005  1.000  0.000   	 0.155  0.028  0.028
       10  0.92459  -0.000 -0.866 -0.000  0.098    	 0.465  0.000  0.132  0.000  1.000  	-0.346  0.000 -0.131
       12  0.89929  -0.288  0.597 -0.102  0.217   	-0.756  0.054  0.095  0.155 -0.346   	 1.000  0.021  0.119
       13  0.86243   0.203 -0.000 -0.686  0.000   	-0.004  0.827 -0.000  0.028  0.000   	 0.021  1.000  0.004
       14  0.83148  -0.052  0.284 -0.019 -0.609   	-0.109  0.010 -0.776  0.028 -0.131   	 0.119  0.004  1.000


























