Simultaneous Fit

New
Araw = 0.00629978 +/- 0.0195167
N_t1 = 5033.33 +/- 166.675
N_t2 = 1337.05 +/- 117.074



Old
A_raw = 0.00581286 +/- 0.0195214
N_t1 = 5057.58 +/- 187.193
N_t2 = 1323.99 +/- 123.984







Opt bin alone
Araw = 0.00549112 +/- 0.0202293
N_t = 5012.75 +/- 169.5


Bin-2 alone
Araw = 0.018191 +/- 0.0701309
N_t = 1600.46 +/- 247.54














