 COVARIANCE MATRIX CALCULATED SUCCESSFULLY
 FCN=-337240 FROM HESSE     STATUS=OK            100 CALLS        1526 TOTAL
                     EDM=0.000911465    STRATEGY= 1      ERROR MATRIX ACCURATE 
  EXT PARAMETER                                INTERNAL      INTERNAL  
  NO.   NAME      VALUE            ERROR       STEP SIZE       VALUE   
   1  #alpha       7.43205e-01   2.30945e-02   1.02381e-04  -2.59704e-01
   2  #mu          1.86861e+00   2.05554e-04   3.88644e-05   3.81480e-01
   3  #sigma       1.53232e-02   1.61994e-04   6.70952e-05  -2.36024e-01
   4  #sigma_{factor}   1.01690e+00   1.37980e-02   1.78468e-04   1.68990e-02
   5  N_{Bkg2}     3.45737e+02   3.41394e+01   1.22382e-04  -1.53361e+00
   6  N_{Bkg}      6.78767e+02   5.85316e+01   1.26926e-04  -1.51868e+00
   7  N_{Sig2}     7.68215e+03   9.22073e+01   1.63124e-05  -1.39528e+00
   8  N_{Sig}      2.37702e+04   1.62847e+02   1.63751e-05  -1.26121e+00
   9  n            1.27630e+01   2.84373e+00   3.39113e-04  -9.78796e-01
  10  p           -9.13297e-01   5.95917e-02   1.70677e-04  -1.83691e-01
  11  p2          -1.03216e+00   4.22617e-02   1.35472e-04  -2.07926e-01
                               ERR DEF= 0.5
 EXTERNAL ERROR MATRIX.    NDIM=  25    NPAR= 11    ERR DEF=0.5
  5.335e-04 
 -3.572e-06  4.225e-08 
  2.532e-06 -2.427e-08  2.624e-08 
  5.084e-06 -4.614e-08 -6.470e-07  1.904e-04 
 -1.848e-01  9.152e-04 -3.856e-04 -1.527e-01  1.166e+03 
 -5.214e-01  2.505e-03 -2.805e-03  9.920e-02  4.691e+02  3.426e+03 
  1.850e-01 -9.161e-04  3.861e-04  1.528e-01 -8.200e+02 -4.695e+02  8.502e+03 
  5.217e-01 -2.507e-03  2.807e-03 -9.922e-02 -4.693e+02 -2.748e+03  4.697e+02  2.652e+04 
 -5.672e-02  2.887e-04 -1.870e-04 -8.969e-04  3.406e+01  9.453e+01 -3.409e+01 -9.459e+01  8.099e+00 
  3.179e-04 -1.389e-06  1.232e-06 -3.980e-05 -3.239e-01 -1.577e+00  3.242e-01  1.577e+00 -6.280e-02  3.551e-03 
  6.856e-05 -2.988e-07  8.842e-08  3.976e-05 -2.564e-01 -2.049e-01  2.565e-01  2.050e-01 -1.419e-02  1.430e-04  1.786e-03 
 PARAMETER  CORRELATION COEFFICIENTS  
       NO.  GLOBAL      1      2      3      4      5      6      7      8      9     10     11
        1  0.96375   1.000 -0.752  0.677  0.016 -0.234 -0.386  0.087  0.139 -0.863  0.231  0.070
        2  0.83713  -0.752  1.000 -0.729 -0.016  0.130  0.208 -0.048 -0.075  0.494 -0.113 -0.034
        3  0.86489   0.677 -0.729  1.000 -0.289 -0.070 -0.296  0.026  0.106 -0.406  0.128  0.013
        4  0.59157   0.016 -0.016 -0.289  1.000 -0.324  0.123  0.120 -0.044 -0.023 -0.048  0.068
        5  0.55713  -0.234  0.130 -0.070 -0.324  1.000  0.235 -0.260 -0.084  0.351 -0.159 -0.178
        6  0.71045  -0.386  0.208 -0.296  0.123  0.235  1.000 -0.087 -0.288  0.568 -0.452 -0.083
        7  0.26960   0.087 -0.048  0.026  0.120 -0.260 -0.087  1.000  0.031 -0.130  0.059  0.066
        8  0.29671   0.139 -0.075  0.106 -0.044 -0.084 -0.288  0.031  1.000 -0.204  0.163  0.030
        9  0.94861  -0.863  0.494 -0.406 -0.023  0.351  0.568 -0.130 -0.204  1.000 -0.370 -0.118
       10  0.48772   0.231 -0.113  0.128 -0.048 -0.159 -0.452  0.059  0.163 -0.370  1.000  0.057
       11  0.19478   0.070 -0.034  0.013  0.068 -0.178 -0.083  0.066  0.030 -0.118  0.057  1.000

