COVARIANCE MATRIX CALCULATED SUCCESSFULLY
 FCN=-863624 FROM HESSE     STATUS=OK            100 CALLS        1024 TOTAL
                     EDM=3.83494e-05    STRATEGY= 1      ERROR MATRIX ACCURATE 
  EXT PARAMETER                                INTERNAL      INTERNAL  
  NO.   NAME      VALUE            ERROR       STEP SIZE       VALUE   
   1  #mu_{fudge}   3.54856e-05   3.07897e-05   3.93624e-04   3.54857e-03
   2  #sigma_{fudge}   1.18855e+00   5.46575e-03   8.81016e-05  -2.09152e-01
   3  A_{Bkg1}     4.03797e-03   1.60466e-02   2.02345e-03   4.03798e-03
   4  A_{Bkg2}    -1.92203e-03   1.56974e-02   2.00259e-03  -1.92203e-03
   5  A_{Raw}     -7.31529e-03   4.04394e-03   5.06987e-04  -7.31536e-03
   6  N_{Bkg1}     6.99137e+03   1.20749e+02   1.69792e-04  -1.40337e+00
   7  N_{Bkg2}     5.85766e+03   9.54417e+01   3.07398e-05  -1.41758e+00
   8  N_{Sig1}     5.42142e+04   2.48604e+02   2.71474e-05  -1.10080e+00
   9  N_{Sig2}     1.45903e+04   1.33573e+02   2.75627e-05  -1.32862e+00
  10  c1          -4.75608e+00   3.24388e-01   4.26064e-04   2.65297e-01
  11  c2          -2.91983e+00   3.35880e-01   4.59931e-04   3.61854e-01
                               ERR DEF= 0.5
 EXTERNAL ERROR MATRIX.    NDIM=  26    NPAR= 11    ERR DEF=0.5
  9.480e-10 
 -5.494e-09  2.987e-05 
 -4.371e-09  1.302e-07  2.575e-04 
 -2.898e-09 -2.871e-07  5.155e-06  2.464e-04 
  6.791e-10  5.746e-08 -1.207e-05 -6.971e-06  1.635e-05 
  5.931e-05 -2.277e-01 -7.654e-03  2.268e-03 -7.401e-04  1.458e+04 
  1.689e-05 -8.117e-02  4.919e-04  1.043e-02 -1.313e-03  6.188e+02  9.109e+03 
 -5.934e-05  2.278e-01  7.650e-03 -2.269e-03  7.407e-04 -7.589e+03 -6.189e+02  6.180e+04 
 -1.689e-05  8.118e-02 -4.918e-04 -1.043e-02  1.313e-03 -6.188e+02 -3.251e+03  6.190e+02  1.784e+04 
 -6.843e-07 -1.497e-04  3.391e-05  5.351e-06 -4.782e-06  5.089e+00  4.055e-01 -5.089e+00 -4.056e-01  1.052e-01 
 -3.745e-07 -3.994e-05  3.274e-06  2.507e-05 -2.651e-06  2.975e-01  1.647e+00 -2.975e-01 -1.647e+00  4.878e-04  1.128e-01 
 PARAMETER  CORRELATION COEFFICIENTS  
       NO.  GLOBAL      1      2      3      4      5      6      7      8      9     10     11
        1  0.08845   1.000 -0.033 -0.009 -0.006  0.005  0.016  0.006 -0.008 -0.004 -0.069 -0.036
        2  0.38859  -0.033  1.000  0.001 -0.003  0.003 -0.345 -0.156  0.168  0.111 -0.084 -0.022
        3  0.18633  -0.009  0.001  1.000  0.020 -0.186 -0.004  0.000  0.002 -0.000  0.007  0.001
        4  0.11027  -0.006 -0.003  0.020  1.000 -0.110  0.001  0.007 -0.001 -0.005  0.001  0.005
        5  0.21418   0.005  0.003 -0.186 -0.110  1.000 -0.002 -0.003  0.001  0.002 -0.004 -0.002
        6  0.40824   0.016 -0.345 -0.004  0.001 -0.002  1.000  0.054 -0.253 -0.038  0.130  0.007
        7  0.28818   0.006 -0.156  0.000  0.007 -0.003  0.054  1.000 -0.026 -0.255  0.013  0.051
        8  0.26831  -0.008  0.168  0.002 -0.001  0.001 -0.253 -0.026  1.000  0.019 -0.063 -0.004
        9  0.26609  -0.004  0.111 -0.000 -0.005  0.002 -0.038 -0.255  0.019  1.000 -0.009 -0.037
       10  0.15696  -0.069 -0.084  0.007  0.001 -0.004  0.130  0.013 -0.063 -0.009  1.000  0.004
       11  0.06905  -0.036 -0.022  0.001  0.005 -0.002  0.007  0.051 -0.004 -0.037  0.004  1.000

