Araw = 0.03768 +/- 0.01595
N_t = 1.009e+05 +/- 1952

