A_raw = 0.00299118 +/- 0.00211527
N_tot = 530499 +/- 1147.83
psig = 278242
msig = 278103
A_raw-exact = 0.000249845
N_tot-exact = 556345

