Simultaneous Fit

New
Araw = 0.00523842 +/- 0.0192387
N_t1 = 5234.35 +/- 180.723
N_t2 = 1398.03 +/- 123.747


 














