COVARIANCE MATRIX CALCULATED SUCCESSFULLY
 FCN=-504773 FROM HESSE     STATUS=OK            185 CALLS        2403 TOTAL
                     EDM=0.000484909    STRATEGY= 1      ERROR MATRIX ACCURATE 
  EXT PARAMETER                                INTERNAL      INTERNAL  
  NO.   NAME      VALUE            ERROR       STEP SIZE       VALUE   
   1  A_{Bkg1}     1.46560e-02   7.24702e-03   6.79592e-04   1.46565e-02
   2  A_{Bkg2}    -1.32017e-02   5.78221e-03   5.63578e-04  -1.32021e-02
   3  A_{Raw}      5.22197e-03   1.93663e-02   1.80444e-03   5.22199e-03
   4  N_{Bkg1}     2.31399e+04   2.36846e+02   1.04595e-04  -1.26537e+00
   5  N_{Bkg2}     3.13578e+04   2.11557e+02   2.02802e-05  -1.21476e+00
   6  N_{Sig1}     5.04572e+03   1.94984e+02   2.66401e-05  -1.42861e+00
   7  N_{Sig2}     1.25020e+03   1.21024e+02   4.84857e-05  -1.50007e+00
   8  frac2_{Bkg1/Bkg2}   9.14784e-01   6.75967e-03   2.28645e-04   2.16326e+00
   9  frac_{Bkg1/Bkg2}   7.09091e-01   1.57029e-02   2.05081e-04   4.31442e-01
  10  mean_bkg     1.66959e+00   6.90090e-03   3.85571e-04   2.37192e+00
  11  mu_{fudge}   1.53821e-03   4.97621e-04   8.65835e-04   1.54434e-01
  12  p           -2.55296e-01   3.73518e-02   2.65721e-04   1.11493e+00
  13  p2          -2.07181e-01   1.69564e-02   2.09323e-04   1.16081e+00
  14  sig_bkg      4.61424e-02   3.94469e-03   7.54002e-04   2.82943e+00
  15  sig_bkg2     4.10043e-02   4.13895e-03   1.43407e-03  -3.19183e+00
  16  sigma_{fudge}   1.06565e+00   4.02569e-02   4.72820e-04   3.07589e+00
                               ERR DEF= 0.5
 EXTERNAL ERROR MATRIX.    NDIM=  38    NPAR= 16    ERR DEF=0.5
 ELEMENTS ABOVE DIAGONAL ARE NOT PRINTED.
  5.252e-05 
  1.423e-06  3.343e-05 
 -4.131e-05 -1.293e-05  3.751e-04 
 -1.316e-02  4.958e-03 -4.060e-03  5.610e+04 
 -3.538e-03  7.416e-03  4.416e-03  7.062e+03  4.476e+04 
  1.316e-02 -4.959e-03  4.062e-03 -3.296e+04 -7.064e+03  3.802e+04 
  3.539e-03 -7.415e-03 -4.417e-03 -7.062e+03 -1.340e+04  7.065e+03  1.465e+04 
  1.448e-07 -2.499e-07 -1.653e-07 -2.960e-01 -4.535e-01  2.961e-01  4.535e-01  4.570e-05 
 -9.823e-07  3.566e-07 -1.502e-07  2.409e+00  5.262e-01 -2.410e+00 -5.262e-01 -2.609e-05  2.467e-04 
  1.259e-07 -1.103e-07  3.534e-07 -5.019e-01 -1.585e-01  5.020e-01  1.585e-01  1.278e-05 -6.115e-05  4.777e-05 
 -7.428e-08 -2.304e-09  2.625e-07  3.747e-02  1.158e-02 -3.748e-02 -1.158e-02 -4.609e-07  2.653e-06 -3.975e-07  2.478e-07 
  2.576e-06 -7.537e-07 -1.285e-06 -5.416e+00 -1.198e+00  5.417e+00  1.198e+00  5.825e-05 -5.365e-04  1.316e-04 -6.693e-06 
  2.576e-06 -7.537e-07 -1.285e-06 -5.416e+00 -1.198e+00  5.417e+00  1.198e+00  5.825e-05 -5.365e-04  1.316e-04 -6.693e-06  1.396e-03 
  3.502e-07 -5.136e-07 -5.289e-07 -6.348e-01 -9.444e-01  6.350e-01  9.444e-01  8.918e-05 -5.411e-05  2.445e-05 -1.126e-06 
  3.502e-07 -5.136e-07 -5.289e-07 -6.348e-01 -9.444e-01  6.350e-01  9.444e-01  8.918e-05 -5.411e-05  2.445e-05 -1.126e-06  1.217e-04  2.875e-04 
 -1.178e-07  7.447e-08 -1.996e-07  3.936e-01  1.066e-01 -3.937e-01 -1.066e-01 -7.586e-06  4.600e-05 -2.613e-05  3.444e-07 
 -1.178e-07  7.447e-08 -1.996e-07  3.936e-01  1.066e-01 -3.937e-01 -1.066e-01 -7.586e-06  4.600e-05 -2.613e-05  3.444e-07 -9.991e-05 -1.477e-05  1.579e-05 
 -8.896e-08  1.084e-07 -1.220e-07  2.930e-01  1.783e-01 -2.931e-01 -1.782e-01 -1.696e-05  3.359e-05 -2.463e-05  2.798e-07 
 -8.896e-08  1.084e-07 -1.220e-07  2.930e-01  1.783e-01 -2.931e-01 -1.782e-01 -1.696e-05  3.359e-05 -2.463e-05  2.798e-07 -7.274e-05 -3.274e-05  1.360e-05  1.738e-05 
 -2.288e-06  1.317e-06 -1.720e-06  5.935e+00  1.812e+00 -5.937e+00 -1.812e+00 -6.628e-05  4.018e-04 -7.265e-05  9.336e-06 
 -2.288e-06  1.317e-06 -1.720e-06  5.935e+00  1.812e+00 -5.937e+00 -1.812e+00 -6.628e-05  4.018e-04 -7.265e-05  9.336e-06 -9.239e-04 -1.461e-04  5.874e-05  4.736e-05  1.621e-03 










 PARAMETER  CORRELATION COEFFICIENTS  
       NO.  GLOBAL      1      2      3      4      5      6      7      8      9     10     11     12     13     14     15     16
        1  0.29466   1.000  0.034 -0.294 -0.008 -0.002  0.009  0.004  0.003 -0.009  0.003 -0.021  0.010  0.003 -0.004 -0.003 -0.008
        2  0.11600   0.034  1.000 -0.115  0.004  0.006 -0.004 -0.011 -0.006  0.004 -0.003 -0.001 -0.003 -0.005  0.003  0.004  0.006
        3  0.31383  -0.294 -0.115  1.000 -0.001  0.001  0.001 -0.002 -0.001 -0.000  0.003  0.027 -0.002 -0.002 -0.003 -0.002 -0.002
        4  0.73628  -0.008  0.004 -0.001  1.000  0.141 -0.714 -0.246 -0.185  0.648 -0.307  0.318 -0.612 -0.158  0.418  0.297  0.622
        5  0.52460  -0.002  0.006  0.001  0.141  1.000 -0.171 -0.523 -0.317  0.158 -0.108  0.110 -0.152 -0.263  0.127  0.202  0.213
        6  0.86987   0.009 -0.004  0.001 -0.714 -0.171  1.000  0.299  0.225 -0.787  0.373 -0.386  0.744  0.192 -0.508 -0.361 -0.756
        7  0.69256   0.004 -0.011 -0.002 -0.246 -0.523  0.299  1.000  0.554 -0.277  0.190 -0.192  0.265  0.460 -0.222 -0.353 -0.372
        8  0.87662   0.003 -0.006 -0.001 -0.185 -0.317  0.225  0.554  1.000 -0.246  0.273 -0.137  0.231  0.778 -0.282 -0.602 -0.243
        9  0.95324  -0.009  0.004 -0.000  0.648  0.158 -0.787 -0.277 -0.246  1.000 -0.563  0.339 -0.914 -0.203  0.737  0.513  0.635
       10  0.97894   0.003 -0.003  0.003 -0.307 -0.108  0.373  0.190  0.273 -0.563  1.000 -0.116  0.510  0.209 -0.952 -0.855 -0.261
       11  0.48334  -0.021 -0.001  0.027  0.318  0.110 -0.386 -0.192 -0.137  0.339 -0.116  1.000 -0.360 -0.133  0.174  0.135  0.466
       12  0.91696   0.010 -0.003 -0.002 -0.612 -0.152  0.744  0.265  0.231 -0.914  0.510 -0.360  1.000  0.192 -0.673 -0.467 -0.614
       13  0.77914   0.003 -0.005 -0.002 -0.158 -0.263  0.192  0.460  0.778 -0.203  0.209 -0.133  0.192  1.000 -0.219 -0.463 -0.214
       14  0.98291  -0.004  0.003 -0.003  0.418  0.127 -0.508 -0.222 -0.282  0.737 -0.952  0.174 -0.673 -0.219  1.000  0.821  0.367
       15  0.93669  -0.003  0.004 -0.002  0.297  0.202 -0.361 -0.353 -0.602  0.513 -0.855  0.135 -0.467 -0.463  0.821  1.000  0.282
       16  0.80221  -0.008  0.006 -0.002  0.622  0.213 -0.756 -0.372 -0.243  0.635 -0.261  0.466 -0.614 -0.214  0.367  0.282  1.000


















