 COVARIANCE MATRIX CALCULATED SUCCESSFULLY
 FCN=-2.15422e+06 FROM HESSE     STATUS=OK            137 CALLS        1695 TOTAL
                     EDM=4.49192e-06    STRATEGY= 1      ERROR MATRIX ACCURATE 
  EXT PARAMETER                                INTERNAL      INTERNAL  
  NO.   NAME      VALUE            ERROR       STEP SIZE       VALUE   
   1  #sigma_{factor}   8.91390e-01   6.43099e-03   2.20121e-03  -1.08824e-01
   2  N_{Bkg2}     9.86922e+03   1.28430e+02   4.80681e-04  -1.37178e+00
   3  N_{Bkg}      1.07654e+04   1.65095e+02   5.22830e-04  -1.36291e+00
   4  N_{Sig2}     3.48477e+04   2.03653e+02   4.30157e-04  -1.19524e+00
   5  N_{Sig}      1.11614e+05   3.57915e+02   1.09622e-03  -8.89524e-01
   6  f_Sig        2.47023e-01   5.97090e-03   6.20514e-03  -8.96295e+00
   7  mean         1.86995e+00   4.75979e-05   1.71308e-03  -5.05566e-03
   8  p           -4.28351e-01   1.69298e-02   7.54016e-03  -4.42667e-01
   9  p2          -2.33296e-01   1.75841e-02   7.32510e-03  -2.90613e+00
  10  sig          1.30680e-02   1.94522e-04   9.41079e-03   2.87132e+00
  11  sig1         4.81790e-03   4.29976e-05   4.26628e-03   4.21305e-01
  12  sig2         5.23624e-03   5.08922e-05   5.30152e-03  -5.61683e+00
                               ERR DEF= 0.5
 EXTERNAL ERROR MATRIX.    NDIM=  26    NPAR= 12    ERR DEF=0.5
 ELEMENTS ABOVE DIAGONAL ARE NOT PRINTED.
  4.136e-05 
 -2.174e-01  1.649e+04 
  1.158e-01  2.485e+03  2.726e+04 
  2.175e-01 -6.623e+03 -2.489e+03  4.147e+04 
 -1.158e-01 -2.486e+03 -1.648e+04  2.490e+03  1.281e+05 
 -4.281e-07 -6.038e-02 -2.617e-01  6.060e-02  2.621e-01  3.567e-05 
  1.772e-09  1.693e-04  5.536e-04 -1.697e-04 -5.543e-04 -4.908e-08  2.266e-09 
  1.476e-06  3.863e-02  1.910e-01 -3.870e-02 -1.910e-01 -5.480e-06 -5.060e-08  2.867e-04 
  1.251e-06 -2.082e-02 -1.100e-02  2.082e-02  1.101e-02  4.688e-07  3.015e-08 -1.148e-06  3.092e-04 
  1.165e-07  4.463e-03  1.624e-02 -4.473e-03 -1.625e-02 -9.598e-07  1.495e-09  2.810e-07 -2.462e-08  3.787e-08 
 -5.058e-08  1.493e-05 -1.029e-03 -1.451e-05  1.030e-03  1.094e-07  1.380e-09 -5.651e-08  1.873e-08 -3.037e-09  1.849e-09 
 -5.542e-08 -1.973e-04 -1.781e-03  1.983e-04  1.783e-03  1.850e-07 -1.824e-09  5.407e-09 -1.710e-08 -5.202e-09 -3.760e-10 
 -5.542e-08 -1.973e-04 -1.781e-03  1.983e-04  1.783e-03  1.850e-07 -1.824e-09  5.407e-09 -1.710e-08 -5.202e-09 -3.760e-10  2.591e-09 
 PARAMETER  CORRELATION COEFFICIENTS  
       NO.  GLOBAL      1      2      3      4      5      6      7      8      9     10     11     12
        1  0.54363   1.000 -0.263  0.109  0.166 -0.050 -0.011  0.006  0.014  0.011  0.093 -0.183 -0.169
        2  0.40876  -0.263  1.000  0.117 -0.253 -0.054 -0.079  0.028  0.018 -0.009  0.179  0.003 -0.030
        3  0.59185   0.109  0.117  1.000 -0.074 -0.279 -0.265  0.070  0.068 -0.004  0.505 -0.145 -0.212
        4  0.29489   0.166 -0.253 -0.074  1.000  0.034  0.050 -0.018 -0.011  0.006 -0.113 -0.002  0.019
        5  0.30736  -0.050 -0.054 -0.279  0.034  1.000  0.123 -0.033 -0.032  0.002 -0.233  0.067  0.098
        6  0.91594  -0.011 -0.079 -0.265  0.050  0.123  1.000 -0.173 -0.054  0.004 -0.826  0.426  0.609
        7  0.93483   0.006  0.028  0.070 -0.018 -0.033 -0.173  1.000 -0.063  0.036  0.161  0.674 -0.753
        8  0.12189   0.014  0.018  0.068 -0.011 -0.032 -0.054 -0.063  1.000 -0.004  0.085 -0.078  0.006
        9  0.04333   0.011 -0.009 -0.004  0.006  0.002  0.004  0.036 -0.004  1.000 -0.007  0.025 -0.019
       10  0.88854   0.093  0.179  0.505 -0.113 -0.233 -0.826  0.161  0.085 -0.007  1.000 -0.363 -0.525
       11  0.89471  -0.183  0.003 -0.145 -0.002  0.067  0.426  0.674 -0.078  0.025 -0.363  1.000 -0.172
       12  0.91478  -0.169 -0.030 -0.212  0.019  0.098  0.609 -0.753  0.006 -0.019 -0.525 -0.172  1.000

